0.000793
0.003119
0.001448
0.000534
0.000873
0.001380
0.000786
-0.000765
-0.001819
-0.001320
0.000119
0.000877
0.000174
-0.001091
-0.001468
-0.000709
-0.000046
-0.000679
-0.002265
-0.003235
-0.002567
-0.000947
0.000060
-0.000168
-0.000646
-0.000057
0.001576
0.002819
0.002468
0.000957
-0.000128
0.000139
0.001013
0.001060
-0.000067
-0.001170
-0.000929
0.000491
0.001564
0.001133
-0.000300
-0.001213
-0.000886
-0.000219
-0.000591
-0.002124
-0.003437
-0.003195
-0.001642
-0.000306
-0.000224
-0.000796
-0.000599
0.000817
0.002306
0.002434
0.001175
-0.000025
0.000107
0.001246
0.001934
0.001367
0.000371
0.000393
0.001727
0.003075
0.003000
0.001553
0.000174
-0.000014
0.000511
0.000326
-0.001140
-0.002818
-0.003183
-0.002011
-0.000645
-0.000444
-0.001247
-0.001665
-0.000817
0.000550
0.000919
-0.000187
-0.001587
-0.001768
-0.000595
0.000596
0.000627
-0.000130
-0.000241
0.001008
0.002662
0.003130
0.001998
0.000484
0.000001
0.000537
0.000761
-0.000289
-0.001961
-0.002686
-0.001798
-0.000337
0.000141
-0.000672
-0.001556
-0.001288
-0.000146
0.000419
-0.000466
-0.001989
-0.002531
-0.001498
0.000035
0.000627
0.000164
-0.000072
0.000983
0.002797
0.003775
0.003073
0.001568
0.000832
0.001324
0.001936
0.001407
-0.000088
-0.001088
-0.000556
0.000866
0.001560
0.000772
-0.000572
-0.001031
-0.000382
0.000129
-0.000675
-0.002418
-0.003514
-0.002958
-0.001456
-0.000563
-0.000867
-0.001361
-0.000738
0.000949
0.002249
0.001970
0.000570
-0.000366
0.000646
0.000646
