 0.000000e+00
 7.925060e-04
 1.247497e-03
 1.371624e-03
 1.461096e-03
 1.720792e-03
 2.013245e-03
 2.035117e-03
 1.707198e-03
 1.307342e-03
 1.179368e-03
 1.354787e-03
 1.530099e-03
 1.424203e-03
 1.093581e-03
 8.368564e-04
 8.101579e-04
 8.185896e-04
 5.387276e-04
 -8.757954e-05
 -7.552734e-04
 -1.114322e-03
 -1.134001e-03
 -1.090357e-03
 -1.201140e-03
 -1.348799e-03
 -1.223975e-03
 -7.184596e-04
 -9.620593e-05
 2.687979e-04
 2.864043e-04
 2.175962e-04
 3.419673e-04
 6.228290e-04
 7.658390e-04
 5.960919e-04
 2.980258e-04
 2.245470e-04
 4.942824e-04
 8.503030e-04
 9.473827e-04
 7.304705e-04
 4.622372e-04
 3.759455e-04
 3.744910e-04
 1.396157e-04
 -4.751082e-04
 -1.235088e-03
 -1.752959e-03
 -1.891904e-03
 -1.875264e-03
 -1.981596e-03
 -2.193736e-03
 -2.221068e-03
 -1.866818e-03
 -1.298680e-03
 -8.931067e-04
 -8.287050e-04
 -9.031697e-04
 -7.857966e-04
 -4.047194e-04
 -1.234464e-05
 1.421220e-04
 1.358734e-04
 2.992907e-04
 8.266002e-04
 1.529355e-03
 2.026455e-03
 2.150435e-03
 2.096133e-03
 2.144897e-03
 2.300526e-03
 2.275251e-03
 1.844651e-03
 1.148033e-03
 5.715191e-04
 3.436073e-04
 3.133919e-04
 1.660734e-04
 -1.855917e-04
 -4.999419e-04
 -5.125643e-04
 -2.801105e-04
 -1.451334e-04
 -3.549365e-04
 -7.798853e-04
 -1.061971e-03
 -1.017975e-03
 -8.234808e-04
 -7.670992e-04
 -8.756699e-04
 -8.636243e-04
 -4.723807e-04
 2.011805e-04
 7.795679e-04
 1.000537e-03
 9.732874e-04
 1.000828e-03
 1.187890e-03
 1.305189e-03
 1.072390e-03
 5.207353e-04
 -1.903684e-06
 -1.986254e-04
 -1.367385e-04
 -1.423592e-04
 -4.055593e-04
 -7.645676e-04
 -9.209106e-04
 -8.228218e-04
 -7.531319e-04
 -1.009176e-03
 -1.548925e-03
 -2.021449e-03
 -2.147979e-03
 -2.007595e-03
 -1.897316e-03
 -1.942130e-03
 -1.925934e-03
 -1.549009e-03
 -8.072140e-04
 -3.917518e-05
 4.219179e-04
 5.881792e-04
 7.548938e-04
 1.117971e-03
 1.529384e-03
 1.680915e-03
 1.493988e-03
 1.245537e-03
 1.271617e-03
 1.592085e-03
 1.895712e-03
 1.901070e-03
 1.666774e-03
 1.488636e-03
 1.514063e-03
 1.540344e-03
 1.243890e-03
 5.729526e-04
 -1.618198e-04
 -6.103930e-04
 -7.440804e-04
 -8.354649e-04
 -1.090995e-03
 -1.380021e-03
 -1.386016e-03
 -1.000293e-03
 -4.863840e-04
 -2.121825e-04
 -2.582995e-04
 -3.584800e-04
