0.000000
0.000793
-0.000184
0.000977
-0.000008
0.001084
0.000161
0.001232
0.000219
0.001090
0.000024
0.000955
0.000058
0.001007
0.000037
0.000846
-0.000111
0.000750
-0.000162
0.000561
-0.000500
0.000138
-0.000793
-0.000003
-0.000823
-0.000069
-0.000867
-0.000010
-0.000598
0.000340
-0.000303
0.000452
-0.000260
0.000515
-0.000118
0.000596
-0.000153
0.000460
-0.000202
0.000549
-0.000020
0.000633
-0.000069
0.000494
-0.000157
0.000416
-0.000316
0.000059
-0.000766
-0.000338
-0.000970
-0.000431
-0.001042
-0.000536
-0.001049
-0.000376
-0.000738
-0.000102
-0.000592
-0.000067
-0.000501
0.000123
-0.000260
0.000275
-0.000170
0.000408
0.000137
0.000815
0.000504
0.001002
0.000570
0.001039
0.000633
0.001005
0.000414
0.000610
0.000030
0.000354
-0.000092
0.000222
-0.000280
0.000029
-0.000341
0.000087
-0.000279
0.000001
-0.000480
-0.000189
-0.000526
-0.000140
-0.000479
-0.000153
-0.000436
0.000054
-0.000057
0.000432
0.000186
0.000518
0.000244
0.000600
0.000297
0.000486
0.000017
0.000160
-0.000184
0.000091
-0.000227
-0.000047
-0.000415
-0.000181
-0.000432
-0.000192
-0.000565
-0.000480
-0.000859
-0.000644
-0.000863
-0.000605
-0.000844
-0.000554
-0.000619
-0.000138
-0.000128
0.000245
0.000111
0.000424
0.000341
0.000666
0.000482
0.000636
0.000387
0.000624
0.000520
0.000784
0.000577
0.000709
0.000483
0.000666
0.000444
0.000484
0.000073
0.000026
-0.000289
-0.000185
-0.000421
-0.000345
-0.000577
-0.000379
-0.000408
-0.000105
-0.000192
-0.000038
-0.000157
