0.001247
0.001247
-0.006462
-0.001437
0.002116
-0.000218
-0.005364
-0.006513
-0.001386
0.004845
0.005491
0.000137
-0.004920
-0.004105
0.000957
0.003557
0.000075
-0.005549
-0.006391
-0.000754
0.005720
0.006567
0.001947
-0.001765
0.000277
0.005555
0.007191
0.002231
-0.004657
-0.006490
-0.002044
0.002853
0.002302
-0.002700
-0.005573
-0.002155
0.004150
0.006233
0.001605
-0.004660
-0.005864
-0.001467
0.002484
0.000739
-0.004762
-0.007115
-0.002677
0.004487
0.007222
0.003545
-0.001226
-0.000936
0.004034
0.007262
0.004042
-0.002828
-0.006149
-0.002669
0.003178
0.004566
0.000302
-0.003908
-0.002435
0.003391
0.006706
0.003182
-0.003806
-0.007064
-0.003916
0.000842
0.000849
-0.004127
-0.007860
-0.005108
0.002017
0.006344
0.003918
-0.001505
-0.003053
0.001075
0.005537
0.004340
-0.001842
-0.006264
-0.003951
0.002479
0.005910
0.003056
-0.001817
-0.002171
0.002847
0.007258
0.005304
-0.001659
-0.006614
-0.004994
0.000131
0.001900
-0.002063
-0.006805
-0.005992
0.000407
0.005872
0.004848
-0.000837
-0.004240
-0.001541
0.003525
0.004270
-0.000801
-0.006022
-0.005162
0.001230
0.006413
0.005311
0.000323
-0.001746
0.002048
0.007171
0.006979
0.000690
-0.005515
-0.005601
-0.000610
0.002759
0.000207
-0.005062
-0.006240
-0.001169
0.004887
0.005290
-0.000235
-0.005331
-0.004509
0.000476
0.002901
-0.000734
-0.006369
-0.007097
-0.001350
0.005147
0.005989
0.001471
-0.001997
0.000324
0.005777
0.007467
0.002552
-0.004197
-0.005840
0.000189
-0.000258
-0.000258
